 cube :  1      tour :  78     temps :0.000037 				 tour :   6     temps :0.006433
 cube :  2      tour :  56     temps :0.000023 				 tour :   6     temps :0.003200
 cube :  3      tour :  46     temps :0.000018 				 tour :   4     temps :0.000142
